function K = lqr_k(L0)
%LQR_K
%    K = LQR_K(L0)

%    This function was generated by the Symbolic Math Toolbox version 23.2.
%    2024-10-08 17:42:55

t2 = L0.^2;
t3 = L0.^3;
mt1 = [L0.*(-8.811664347844892e+1)+t2.*2.234028734911351e+2-t3.*2.312774945209337e+2+3.512791842907173];
mt2 = [L0.*5.868756095990024e+2-t2.*3.160895816885111e+3+t3.*4.74722484043694e+3+1.649248439634261e+1];
mt3 = [L0.*(-5.946547037870854)+t2.*3.416853398893878+t3.*4.643417930981362e-1+3.579465807617397e-1];
mt4 = [L0.*9.030055965120852e+1-t2.*3.769726180639246e+2+t3.*5.039955740234087e+2-1.668817891882498];
mt5 = [L0.*(-1.97582814736228e+1)+t2.*6.808216825072243e+1-t3.*8.383785864638116e+1+1.183083533465773];
mt6 = [L0.*(-2.912581482330336e+1)-t2.*1.979411602481101e+2+t3.*4.884070896761057e+2+2.040440104647336e+1];
mt7 = [L0.*(-2.484615797437046e+1)+t2.*8.361405541985961e+1-t3.*1.022536059700754e+2+1.453951970031691];
mt8 = [L0.*(-2.443363338031123e+1)-t2.*2.871369581253886e+2+t3.*6.561650703362725e+2+2.460286609505697e+1];
mt9 = [L0.*(-1.176645903834726e+1)-t2.*2.638879603229878e+1+t3.*8.518987573619843e+1+5.542262500019];
mt10 = [L0.*1.385365312101446e+3-t2.*4.666459508669567e+3+t3.*5.636538322453623e+3-8.52240563166784e+1];
mt11 = [L0.*1.019551002246919-t2.*9.631162308879153+t3.*1.638477890807564e+1+3.714885620223164e-1];
mt12 = [L0.*9.530952034237717e+1-t2.*2.871329960577886e+2+t3.*3.149315988837695e+2-9.359230608275908];
K = reshape([mt1,mt2,mt3,mt4,mt5,mt6,mt7,mt8,mt9,mt10,mt11,mt12],2,6);
end
