function K = lqr_k(L0)
%LQR_K
%    K = LQR_K(L0)

%    This function was generated by the Symbolic Math Toolbox version 23.2.
%    2024-10-08 12:07:51

t2 = L0.^2;
t3 = L0.^3;
mt1 = [L0.*(-8.968651266602342e+1)+t2.*2.256248831701632e+2-t3.*2.366176291635997e+2+3.368706843489681];
mt2 = [L0.*5.438876251060151e+2-t2.*2.947467869429524e+3+t3.*4.432984185238261e+3+1.920759540448152e+1];
mt3 = [L0.*(-6.380008078357712)+t2.*3.687748025262769-t3.*3.516825554561642e-1+3.723228885978147e-1];
mt4 = [L0.*9.0103678307951e+1-t2.*3.738619337545085e+2+t3.*4.995247173438201e+2-(8.090117428072352e+1.*1.151607572048743e+2)./6.545e+3];
mt5 = [L0.*(-2.620632953187808e+1)+t2.*9.122439780690061e+1-t3.*1.133841062907252e+2+1.460268113600471];
mt6 = [L0.*(-6.241601265606815e+1)-t2.*1.644703357983566e+2+t3.*5.123875045386598e+2+2.906017696241891e+1];
mt7 = [L0.*(-2.879000492875891e+1)+t2.*9.732831465066501e+1-t3.*1.199998563529573e+2+1.559662863107357];
mt8 = [L0.*(-5.064509155272666e+1)-t2.*2.368135080495097e+2+t3.*6.249067259306181e+2+3.033843849290686e+1];
mt9 = [L0.*(-1.972979761448779e+1)-t2.*1.084658664386924+t3.*5.531703412184812e+1+6.635107418251672];
mt10 = [L0.*1.489554625113447e+3-t2.*5.07278342334039e+3+t3.*6.19109425048806e+3-8.539783471237998e+1];
mt11 = [L0.*5.354723387180058e-1-t2.*7.984757552575064+t3.*1.436186584540023e+1+4.396440303663804e-1];
mt12 = [L0.*9.745501549783134e+1-t2.*2.986641582811757e+2+t3.*3.337186742401378e+2-9.36815426323281];
K = reshape([mt1,mt2,mt3,mt4,mt5,mt6,mt7,mt8,mt9,mt10,mt11,mt12],2,6);
end
