function K = lqr_k(L0)
%LQR_K
%    K = LQR_K(L0)

%    This function was generated by the Symbolic Math Toolbox version 23.2.
%    2024-09-11 15:53:49

t2 = L0.^2;
t3 = L0.^3;
mt1 = [L0.*(-1.928326538807553e+2)+t2.*4.282800340366946e+2-t3.*4.423081924641832e+2+2.391810586285267];
mt2 = [L0.*6.824826090786752e+1-t2.*2.943670193086306e+2+t3.*4.215937090476746e+2-4.605974378953159e-1];
mt3 = [L0.*(-2.513653401932849e+1)+t2.*3.451534158827456e+1-t3.*3.638009181532223e+1+5.21489266196993e-1];
mt4 = [L0.*1.060616565316048e+1-t2.*4.25879439722347e+1+t3.*6.034596435141034e+1+3.536923801220508e-2];
mt5 = [L0.*(-7.816971795994522e+1)+t2.*2.370017241231814e+2-t3.*2.776020160181452e+2+2.188338282377264];
mt6 = [L0.*1.899649771803081e+1-t2.*1.12290740753512e+2+t3.*1.80595077129205e+2+1.708244799762572];
mt7 = [L0.*(-6.60506586970904e+1)+t2.*1.943111005497921e+2-t3.*2.301869905277782e+2+1.229323108797983];
mt8 = [L0.*1.780225183999643e+1-t2.*9.991477715034409e+1+t3.*1.592762182609789e+2+1.232024212537135];
mt9 = [L0.*(-8.500178412065412e+1)+t2.*2.098643240484161e+2-t3.*2.304515758330819e+2+2.00644766197996e+1];
mt10 = [L0.*5.487820553207909e+1-t2.*1.848339814113686e+2+t3.*2.410787383180352e+2+2.349871580496937e+1];
mt11 = [L0.*(-1.002083303865773e+1)+t2.*1.321389333965752e+1-t3.*5.144327799735127+3.736427352727237];
mt12 = [L0.*4.758991819862215-t2.*8.134783262911077+t3.*3.058532454359839+3.882442259249506];
K = reshape([mt1,mt2,mt3,mt4,mt5,mt6,mt7,mt8,mt9,mt10,mt11,mt12],2,6);
end
