function K = lqr_k(L0)
%LQR_K
%    K = LQR_K(L0)

%    This function was generated by the Symbolic Math Toolbox version 23.2.
%    2024-10-11 09:33:51

t2 = L0.^2;
t3 = L0.^3;
mt1 = [L0.*(-7.178965000223181e+1)+t2.*1.734806529878589e+2-t3.*1.919366768676408e+2+8.476508480505338e-2];
mt2 = [L0.*(-8.704119266464165)-t2.*2.962299414812771e+1+t3.*7.635184290339963e+1+6.917457485162815];
mt3 = [L0.*(-6.310944236585139)+t2.*3.781364569356251-t3.*3.683705498319012+1.679707505997759e-1];
mt4 = [L0.*2.652818812901332-t2.*1.291977870299997e+1+t3.*1.798517612882724e+1+3.780125687024042e-1];
mt5 = [L0.*(-1.433625830538526e+1)+t2.*5.202377851878212e+1-t3.*6.737967815899384e+1-6.326478572259006e-1];
mt6 = [L0.*(-4.294939107867992e+1)+t2.*1.247451153620497e+2-t3.*1.389353436559855e+2+6.506782311920163];
mt7 = [L0.*(-1.411126200426036e+1)+t2.*4.714837089979041e+1-t3.*6.021562782674707e+1-6.195099179275481e-1];
mt8 = [L0.*(-3.871775037135178e+1)+t2.*1.123990921039997e+2-t3.*1.255125777881301e+2+5.963410527546381];
mt9 = [L0.*(-5.730576837373992e+1)+t2.*1.664754947565917e+2-t3.*1.86621411093036e+2+9.048372001231467];
mt10 = [L0.*1.23512815208318e+2-t2.*4.504217038067518e+2+t3.*5.830450789729499e+2+6.737945791649747];
mt11 = [L0.*(-3.896800369350605)+t2.*9.610556951227261-t3.*9.468650627476674+8.361254016873403e-1];
mt12 = [L0.*1.142128660376004e+1-t2.*3.95596483012343e+1+t3.*4.95437003787408e+1-8.371181063434338e-2];
K = reshape([mt1,mt2,mt3,mt4,mt5,mt6,mt7,mt8,mt9,mt10,mt11,mt12],2,6);
end
